1 - 72 262 265 369 464 720 843 929 1002 1502 2236 2288 2345 2948 3334 3336 3447 3586 3693 3758 3837 3876 4017 4147 4462 4533 4569 4571 4572 4637 4817 4995 5039 5069 5145 5195 5394 5472 5502 5519 5665 5705 5993 5999 6018 6250 6275 6277 6340 6471 6571 6736 6817 6823 6824 7151 7186 7234 7734 7735 7834 7887 7923 8061 8148 8150 8164 8172 8241 8259 8261 8319 8372 8496 8565 8582 9219 9286 9295 9350 9588 9591 9635 9647 9678 9837 9843 9878 9935 9988 9992 10178 10187 10258 10411 10588 10652 10934 11212 11332 
2 - 25 62 160 201 218 265 414 664 690 742 846 973 987 1214 1239 1364 1374 1530 1641 1780 1888 1894 2134 2218 2252 2284 2338 2445 2729 2779 2842 2847 2850 2883 3058 3064 3166 3221 3379 3392 3500 3534 3748 3785 4107 4330 4341 4430 4569 4598 4613 4734 5012 5041 5124 5179 5248 5475 5639 5662 5750 5894 5963 6083 6338 6379 6464 6519 6631 6671 6727 6736 6883 6959 6990 7082 7113 7177 7182 7198 7555 7599 7803 7808 7898 8127 8229 8241 8253 8891 8987 9114 9416 9715 9801 9935 9952 10238 10272 10789 
3 - 20 159 421 525 654 1208 1337 1475 2197 3272 3334 3384 3394 3397 3503 3939 3970 4079 4205 4341 4437 4522 4725 5045 5157 5250 5477 5478 5561 5563 5579 5650 5662 5753 5856 5860 5873 5963 5976 5979 5981 5984 6088 6166 6348 6349 6531 6536 6709 6877 6887 6888 6974 7083 7086 7176 7177 7179 7374 7375 7464 7571 7572 7711 7908 7987 8024 8100 8103 8121 8136 8218 8228 8238 8240 8241 8563 8567 8664 8668 8672 8952 9180 9182 9183 9289 9418 9421 9423 9436 9695 9698 9707 9942 10039 10336 10486 11037 11038 11311 
4 - 145 146 291 302 403 439 500 1022 1045 1049 1136 1158 1245 1270 1298 1313 1334 1402 1413 1556 1588 1591 1685 1711 1732 1775 1812 1939 1940 2019 2042 2053 2091 2110 2175 2261 2322 2349 2789 3358 3446 3595 3619 3708 3815 4056 4057 4183 4185 4199 4302 4320 4412 4419 4430 4596 4704 4705 4735 4930 5436 5437 5450 5453 5576 5733 5826 5838 6138 6422 6427 6947 7055 7111 7157 7180 7284 7335 7346 7760 7762 8200 8205 8207 8243 8246 8811 8815 8817 9188 9252 9414 9537 9666 9695 9788 10457 10552 11178 11412 
5 - 143 276 412 635 1197 1713 1831 1865 1875 2127 2193 2292 2418 2462 2675 2682 2788 2794 2929 3039 3043 3252 3374 3485 3486 3559 3729 3857 3939 3948 4186 4202 4309 4311 4312 4317 4422 4446 4522 4524 4596 4608 4709 4738 4744 4811 4918 5016 5158 5241 5432 5441 5442 5443 5637 5680 5735 5736 5836 5844 6053 6066 6427 6523 6547 6613 6675 6764 6783 6790 6948 7705 7918 7982 7986 7987 7988 8023 8093 8100 8101 8218 8466 8529 8807 8952 9063 9168 9400 9669 9768 9772 9925 10030 10183 10636 10651 10875 11028 11429 
6 - 6 9 397 402 405 511 533 662 772 775 1165 1240 1835 1864 2047 2297 2364 2422 2546 2673 2682 2788 2791 2934 2936 2939 3035 3143 3169 3251 3375 3379 3380 3484 3485 3520 3939 3953 3956 4059 4060 4064 4099 4180 4181 4256 4305 4306 4316 4427 4522 4541 4549 4594 4597 4599 4734 4735 4807 4819 5015 5021 5138 5170 5261 5263 5435 5437 5440 5506 5508 5632 5680 5681 5733 5735 5739 5835 5908 6052 6238 6351 6422 6476 6776 6963 6997 7328 7355 8134 8217 8421 8431 8440 8527 8534 8643 9188 9770 10162 
7 - 450 451 553 827 1098 1210 1354 1643 1870 2096 2724 2725 3090 3209 3210 3318 3519 3897 3958 3980 4473 4559 4561 4593 4625 4758 4759 4972 5164 5192 5292 5294 5295 5379 5507 5570 5587 5683 5687 5780 5880 5898 5903 5906 6017 6184 6187 6188 6189 6190 6288 6298 6302 6386 6475 6566 6568 6569 6731 6831 6923 6924 7130 7206 7410 7601 7602 7603 7740 7837 7838 7903 8017 8052 8157 8267 8348 8373 8556 8560 8562 8594 8595 8596 8863 9448 9724 9726 9805 9977 9979 9980 9982 10071 10109 10648 10787 10795 11213 11344 
8 - 195 290 369 693 697 698 705 706 708 843 978 987 1104 1358 1482 1794 1887 1998 2100 2364 2381 2534 2720 2915 3088 3554 3586 3774 3983 4027 4363 4642 4665 4753 4760 4770 4991 5069 5083 5302 5393 5482 5519 5898 6139 6196 6198 6200 6224 6381 6727 7128 7148 7151 7236 7416 7517 7931 7946 8047 8050 8053 8164 8176 8253 8369 8372 8377 8565 8583 8599 9036 9104 9202 9209 9292 9397 9588 9721 9843 9978 10228 10235 10258 10298 10651 10652 10783 10788 10789 10791 10912 10946 11075 11101 11108 11130 11217 11350 11359 
9 - 70 72 550 555 693 695 698 976 1103 1644 1759 1990 2599 2727 3089 3203 3205 3211 3394 3435 3674 3889 3891 3920 4054 4375 4559 4641 4753 4754 4972 4993 4994 5069 5071 5188 5288 5289 5300 5483 5505 5506 5565 5587 5683 5688 5871 5900 5951 6009 6110 6111 6134 6142 6192 6196 6286 6380 6381 6382 6386 6473 6563 6613 6650 6709 6727 6733 6952 7014 7116 7127 7145 7205 7416 7517 7601 7870 7930 7931 7933 8049 8263 8370 8584 8599 9446 9719 9803 9831 9858 9887 9962 9973 9975 10070 10786 10893 11077 11362 
10 - 138 631 667 699 802 933 950 1304 1621 1652 1729 1745 1848 1893 1934 2061 2314 2328 2437 2669 2779 2923 3053 3264 3384 3386 3393 3913 3938 3949 4091 4243 4329 4335 4338 4452 4571 4590 5057 5152 5155 5368 5423 5537 5586 5743 5842 5855 5918 5957 5958 5983 6075 6101 6169 6320 6447 6557 6567 6575 6705 6715 6767 6852 6888 6894 6965 6966 6977 7089 7123 7250 7377 7393 7394 7466 7474 7498 7566 8011 8213 8908 8976 9086 9171 9273 9284 9530 9770 9962 10053 10204 10250 10431 10462 10467 10617 10893 11189 11256 
11 - 33 74 172 176 770 783 787 927 932 1060 1305 1334 1338 1350 1481 1841 1871 1873 2037 2048 2071 2220 2257 2320 2470 2489 2552 2588 2593 2924 2945 3056 3186 3274 3287 3473 3632 3634 3681 3836 3842 3864 3880 4054 4062 4087 4090 4139 4144 4220 4245 4323 4324 4343 4344 4352 4436 4442 4521 4530 4562 4602 4604 4703 4736 4837 4912 4924 4925 4929 5024 5141 5453 5504 6142 6860 7602 7654 7655 7656 7657 7738 7793 7795 7818 7871 8000 8106 8158 8207 8219 8343 8418 8634 8843 9082 9119 9777 9826 10068 
12 - 133 135 162 350 426 427 533 657 659 1008 1074 1585 1657 1662 1960 2075 2203 2205 2678 2739 3033 3072 3334 3514 3615 3966 4054 4194 4344 4453 4593 4619 4733 4900 4953 5023 5049 5101 5144 5257 5350 5364 5567 5758 5881 5918 5953 6043 6057 6143 6169 6353 6378 6451 6550 6709 6761 6809 6818 6873 6897 6901 6960 6968 6981 7097 7100 7361 7495 7684 7813 7870 7901 7915 7999 8016 8026 8095 8132 8159 8194 8208 8251 8320 8334 8336 8412 8467 8584 8802 8864 8969 9809 9844 10319 10346 10501 11164 11310 11318 
13 - 159 654 666 802 1190 1315 1337 1475 1488 1492 1732 2085 2197 2458 2463 2578 2798 2884 3272 3393 3397 3398 3401 3522 3631 3632 3641 3852 3970 4079 4094 4337 4424 4454 4725 4833 4926 5045 5250 5276 5304 5490 5676 5753 5763 5856 5873 5879 5976 5981 5982 5983 5984 5989 6082 6088 6353 6366 6548 6549 6601 6634 6635 6697 6803 6910 6974 7075 7086 7111 7176 7177 7179 7282 7573 8024 8136 8346 8448 8464 8549 8563 8684 8974 9434 9552 9707 9801 9806 9863 9963 10043 10190 10192 10487 10516 10636 11037 11053 11332 
14 - 406 421 949 1065 1617 2311 2790 2942 3265 3394 3417 3503 3530 3716 3882 4437 4442 4493 4612 4718 4725 5018 5250 5251 5258 5356 5474 5476 5478 5536 5561 5650 5662 5749 5856 5866 5976 5979 5980 6139 6166 6254 6260 6261 6263 6332 6349 6369 6536 6607 6623 6628 6709 6786 6877 6888 6974 7083 7086 7177 7278 7281 7375 7474 7536 7569 7571 7759 7838 8019 8024 8124 8128 8203 8238 8241 8411 8463 8503 8556 9416 9697 9707 9794 9801 9916 9942 9951 9953 10161 10302 10339 10469 10487 10626 10755 10756 11038 11164 11314 
15 - 32 260 417 664 781 1356 1829 1848 1869 2064 2438 2948 3065 3148 3217 3388 3389 3392 3483 3719 3733 3734 3845 3955 4082 4101 4194 4331 4333 4343 4527 4536 4616 4723 4741 4815 4821 4834 4930 5142 5152 5254 5271 5673 5751 5836 5863 5954 5957 6009 6072 6098 6618 6627 6630 6673 6763 6764 6788 6804 6821 6863 6870 6958 6973 6977 6983 6984 6988 7111 7158 7262 7366 7368 7562 7573 7678 7725 8025 8242 8245 8326 8329 8340 8458 8521 8665 9542 9547 9710 9853 9858 9879 9886 9923 9958 10025 10205 10886 11178 
16 - 634 664 957 1060 1313 1478 1619 1637 1841 1848 2185 2198 2335 2817 2934 2942 3158 3186 3228 3393 3487 3491 3506 3514 3733 3735 3962 4540 4590 4837 4847 4928 4930 5004 5023 5259 5367 5458 5477 5506 5537 5567 5754 5781 5855 5857 6062 6098 6267 6269 6353 6356 6462 6531 6549 6611 6677 6688 6698 6708 6709 6894 6895 7092 7270 7372 7378 7394 7453 7580 7581 7674 7709 7721 7888 7897 7908 8000 8016 8024 8116 8245 8329 8536 9086 9175 9199 9650 9676 9831 9851 9859 9963 10028 10189 10319 10335 10647 10880 11208 
17 - 93 94 119 214 328 343 347 496 585 588 597 616 708 742 837 876 1109 1128 1222 1265 1276 1279 1433 1521 1671 1673 1681 1810 1908 1997 2112 2161 2269 2416 2530 2532 2778 2876 2895 3115 3702 4007 4011 4032 4035 4151 4169 4380 4507 4514 5121 5222 5933 5999 6011 6039 6394 6502 7750 7971 8053 8396 8416 8489 8630 8735 8756 8894 8904 9027 9145 9335 9372 9481 9486 9504 9517 9741 9849 9971 10280 10288 10304 10389 10425 10556 10587 10658 10835 10836 10979 10980 10981 10983 11128 11130 11161 11266 11381 11394 
18 - 93 113 125 344 345 370 490 588 617 739 743 878 1040 1254 1439 1580 1671 1812 1817 1901 2032 2036 2120 2121 2122 2140 2275 2397 2416 2505 2530 2633 2914 3124 3236 3326 3446 3703 4394 4507 4508 4582 4685 4803 4903 4987 4993 5215 5535 5709 5806 6211 6212 6412 6491 6502 6592 6593 7029 7045 7056 7059 7060 7145 7426 7617 7636 7637 7750 7769 7850 7954 7966 8053 8080 8082 8282 8513 8757 8768 8904 8905 8906 8913 9032 9138 9240 9522 9648 9741 10288 10290 10451 10966 10979 10983 10988 11249 11277 11282 
19 - 84 90 91 93 94 246 347 447 459 480 589 735 1003 1004 1013 1122 1131 1263 1264 1265 1276 1296 1406 1407 1439 1564 1670 1673 1698 1772 1800 1908 2002 2112 2122 2140 2161 2257 2260 2325 2378 2397 2399 2416 2505 2530 2633 2747 2778 2870 2872 2875 2895 2999 3115 3217 3236 3446 3551 3574 3575 3606 3698 3702 4032 4033 4035 4045 4119 4129 4410 5067 5483 5582 5606 5615 5795 5934 6482 6931 7044 7139 7166 7319 7615 7699 7834 7936 8166 8360 8606 8757 9028 9053 9424 9465 10587 10693 10699 11145 
20 - 91 102 219 220 294 315 357 375 382 474 483 547 603 608 735 747 780 883 895 911 912 976 1017 1129 1141 1153 1269 1427 1430 1545 1550 1551 1578 1803 1889 1996 2018 2029 2032 2095 2109 2138 2139 2235 2264 2506 2910 3085 3445 3544 3769 3771 3772 3899 3901 4231 4362 4386 4467 4555 4563 4796 4797 4994 5546 5584 5945 6070 6135 6178 6218 6221 6228 6315 6491 6592 6725 7060 7426 7442 7443 7445 7832 7853 7937 7958 8177 8515 8694 8702 8982 9085 9228 9848 10556 10588 10831 10914 10917 11410 
21 - 76 77 79 80 120 323 363 478 494 577 621 733 874 890 905 997 1127 1147 1260 1274 1392 1397 1404 1566 1796 1906 1907 2014 2109 2118 2146 2149 2153 2502 2776 2894 2900 3018 3019 3116 3334 3352 3460 3556 3799 3918 4152 4508 4693 5528 5711 5925 5943 5946 6203 6306 6311 6328 6501 7146 7151 7439 7864 8068 8178 8179 8504 8731 8740 8769 8910 9124 9129 9156 9237 9266 9388 9740 9846 9909 9996 10130 10432 10541 10577 10590 10600 10713 10714 10715 10716 10717 10871 11002 11148 11153 11154 11236 11280 11411 
22 - 77 91 94 95 219 220 375 382 474 483 588 601 603 608 735 736 737 747 752 876 883 893 895 912 1258 1556 2032 2123 2258 2769 2820 2872 2905 3022 3446 3733 3918 4761 4791 4885 5217 5325 5535 5943 6026 6126 6221 6400 6408 6412 6491 6764 7060 7145 7166 7174 7426 7524 7538 7619 7628 7639 7757 7848 7854 7906 8083 8173 8310 8416 8485 8621 8623 8741 8757 8765 9025 9247 9248 9249 9394 9487 9597 9627 9652 10138 10281 10423 10447 10554 10562 10578 10830 10988 11149 11266 11269 11389 11394 11410 
23 - 81 234 241 555 706 856 860 914 1138 1391 1664 1794 1887 1993 2075 2091 2269 2363 2471 2767 2897 3113 3225 3323 3334 3354 3554 4263 4337 4404 4510 4577 4640 4731 4923 5089 5179 5300 5410 5502 5601 5684 5703 5751 5898 6023 6025 6129 6134 6204 6207 6309 6310 6312 6329 6409 6473 6485 6611 6663 6849 6854 7054 7147 7214 7416 7628 7752 7823 7845 7859 7962 8021 8068 8109 8132 8176 8191 8231 8241 8372 8484 8519 8617 9045 9059 9267 9591 9612 9712 9734 9736 9745 9748 9803 9911 9976 10893 10955 10966 
24 - 120 209 234 473 760 1023 1038 1278 1391 1444 1700 1794 1796 1926 2010 2380 2621 2640 2643 2900 3019 3113 3225 3347 3437 3438 3448 3554 4027 4036 4278 4291 4404 4510 4784 4785 4878 4882 4897 4910 4984 5092 5099 5119 5204 5216 5284 5307 5313 5329 5397 5684 5702 5703 5710 5715 5798 5807 5814 5946 6039 6204 6304 6308 6409 6663 6854 7054 7147 7237 7421 7432 7523 7628 7847 7950 8068 8069 8070 8176 8184 8398 8513 8758 8896 9135 9357 9501 9611 9735 9737 9846 9908 10256 10412 10574 10960 10961 11374 11378 
25 - 119 201 347 463 496 629 708 837 876 1105 1111 1222 1279 1433 1434 1513 1516 1521 1671 1889 1997 2103 2108 2241 2450 2530 2610 2628 2716 2860 2900 3212 3334 3351 3433 3533 3544 3687 3782 3785 4007 4011 4015 4016 4028 4035 4175 4379 4400 4484 4569 4698 4869 5079 5305 5420 5793 5894 6178 6394 6735 6855 7131 7217 7714 7748 8058 8163 8165 8377 8386 8396 8602 8719 8756 8884 9027 9047 9223 9460 9836 9894 9898 9903 9989 10059 10397 10656 10658 10835 10836 10927 10928 10981 11016 11130 11217 11356 11357 11358 
26 - 80 88 328 329 584 619 905 1011 1038 1395 1405 1431 1650 1663 1796 1815 2016 2269 2524 2528 2628 2632 3019 3111 3351 3457 3577 3807 3813 3917 3918 4028 4171 4582 4643 4783 4881 5006 5214 5314 5328 5407 5410 5594 5702 5713 5800 5907 5923 6299 6301 6303 6305 6398 6406 6663 6842 6849 6925 7029 7033 7056 7145 7147 7226 7238 7430 7437 7522 7527 7613 7778 7870 7967 7969 8034 8078 8173 8179 8188 8386 8396 8741 8770 9040 9135 9383 9635 9652 9735 9841 9907 9909 9999 10568 10716 10959 11108 11153 11235 
27 - 124 826 914 1048 1125 1154 1285 1286 1355 1388 1441 1448 1541 1662 1703 1704 1705 1822 1932 1933 2000 2226 2361 2534 2779 2903 3024 3132 3240 3334 3348 3356 3466 3553 3567 3825 3829 3830 3930 4002 4052 4135 4158 4235 4293 4480 4712 4908 5007 5226 5288 5307 5488 5535 5623 5641 5684 5817 5818 5947 5948 6004 6037 6038 6114 6136 6142 6184 6284 6547 6769 6855 6924 7077 7206 7234 7239 7381 7600 7642 7653 7715 7774 7867 7868 8198 8368 8479 8516 8517 8519 8790 8908 9160 9831 9848 9870 9885 9907 10456 
28 - 13 14 70 271 1613 1635 1727 2237 2718 2995 3060 3061 3088 3180 3394 3431 3616 3946 3966 4124 4255 4348 4430 4433 4434 4439 4719 4720 4852 5037 5039 5151 5196 5257 5355 5390 5471 5472 5664 5705 5850 5851 5969 6163 6166 6167 6258 6632 6893 6906 7022 7093 7095 7113 7114 7179 7186 7416 7482 7483 7492 7805 8048 8053 8054 8067 8117 8166 8168 8230 8252 8333 8388 8441 8442 8470 8500 8539 8658 8699 8824 8887 9084 9177 9413 9791 9792 9866 9935 9952 10295 10485 10832 10923 10936 11087 11181 11225 11386 11388 
29 - 99 488 616 868 870 884 1019 1240 1354 1392 1419 1529 1554 1683 1805 1913 2114 2188 2190 2266 2393 2513 2629 2748 2765 2900 3004 3118 3225 3229 3320 3334 3354 3554 3567 3803 3822 3920 3971 4042 4155 4271 4284 4418 4435 4494 4578 4580 4654 4700 4829 4876 4878 4982 5095 5109 5394 5517 5707 5797 5801 5919 6018 6208 6310 6322 6934 7036 7140 7432 8147 8173 8198 8242 8398 8627 8908 8932 9023 9133 9394 9636 9659 9739 9840 9998 10007 10140 10273 10283 10302 10685 10699 10830 10850 10860 11003 11124 11146 11269 
30 - 102 107 112 242 379 616 718 1045 1149 1284 1415 1433 1435 1564 1671 1779 1815 1890 1906 1927 2162 2271 2297 2411 2412 2662 2734 2765 2775 2895 2900 3026 3239 3334 3358 3464 3547 3583 3799 3822 3823 4169 4284 4486 4664 4876 4982 5091 5109 5304 5606 5707 5999 6039 6130 6160 6366 6785 7146 7148 7192 7240 7338 7357 7432 7515 7523 7604 7628 7975 8016 8060 8198 8345 8493 8684 8710 8782 8932 9001 9111 9113 9156 9449 9464 9618 9637 9722 9846 9909 10246 10273 10290 10830 10860 10874 11003 11146 11269 11420 
31 - 72 94 107 120 122 207 242 318 325 767 1116 1118 1245 1246 1265 1662 1791 2002 2110 2125 2358 2391 2662 2742 2852 2900 3104 3224 3239 3334 3352 3358 3553 3684 3696 3822 4135 4153 4171 4225 4291 4491 4492 4507 4665 4875 4978 5307 5329 5399 5684 5797 6010 6039 6196 6307 6314 6412 7214 7325 7498 7604 7778 7935 7975 8060 8154 8393 8615 8729 8732 8745 8787 8896 8909 8932 9011 9049 9128 9632 9735 9846 9880 9994 10095 10260 10268 10389 10412 10536 10660 10669 10818 10860 10868 10959 11057 11108 11146 11394 
32 - 124 128 253 473 500 578 601 621 769 904 913 914 1011 1046 1152 1154 1395 1441 1442 1446 1449 1665 1701 1703 1822 1932 1933 2136 2161 2162 2164 2920 3243 3438 3466 3471 3553 3556 3576 3825 3829 3930 4052 4293 4297 4475 4513 4515 4787 4802 4897 4908 5004 5013 5226 5307 5408 5535 5684 6004 6037 6039 6502 6565 6842 6854 7056 7243 7523 7867 7869 7932 7977 8266 8394 8416 8516 8517 8519 8630 8633 8735 8785 8790 8795 9012 9132 9160 9368 9500 9504 9848 10147 10313 10430 10456 10828 11263 11272 11415 
33 - 234 242 1682 1694 1696 1810 1893 1906 1926 1930 2154 2271 2275 2411 2530 2963 3320 3334 3441 3468 4136 4171 4174 4285 4297 4569 4580 4697 4983 4993 5099 5115 5405 5408 5525 5606 5700 5935 5941 6039 6134 6331 6412 6492 6495 6502 6503 6750 6816 6848 7052 7053 7148 7151 7330 7335 7437 7523 7638 7757 7759 7853 7863 7869 7947 7949 7953 7959 8091 8184 8508 8510 8515 8700 8715 8731 8769 9013 9036 9048 9050 9114 9481 9846 9910 9917 9920 10014 10412 10452 10570 10591 10830 11128 11153 11160 11235 11262 11408 11420 
34 - 109 114 228 241 242 318 379 601 619 706 1080 1214 1258 1414 1576 1997 2138 2279 2363 2413 2729 2775 3088 3211 3452 3454 3568 3822 3924 3946 4001 4369 4436 4665 4700 4760 4789 4796 4995 5142 5268 5302 5499 5506 5508 5525 5606 5707 6128 6130 6501 6656 6727 6756 6809 6852 6979 7056 7203 7239 7243 7404 7855 7879 8100 8253 8333 8367 8884 8905 8932 9210 9286 9390 9454 9468 9481 9594 9660 9723 9736 9750 9791 9830 9843 9873 9973 9982 10014 10287 10388 10588 10600 10652 10792 10852 10914 11263 11394 11400 
35 - 225 345 369 370 477 579 616 737 739 1005 1264 1429 1431 1556 1557 1558 1571 1573 1791 2032 2144 2277 2377 2531 2657 2766 2900 3113 3124 3235 3586 3703 3817 3827 3922 3932 4287 4292 4409 4497 4504 4510 4882 4985 4993 5115 5209 5210 5329 5399 5415 5806 5937 5940 6219 6304 6316 6326 6406 6499 6592 6593 6844 7034 7056 7059 7238 7336 7436 7863 7954 7977 8187 8287 8510 8621 8648 8733 8768 8931 8936 9043 9150 9487 9643 10120 10297 10569 10578 10582 10855 10996 10999 11149 11255 11268 11277 11411 11412 11416 
36 - 91 140 143 219 220 263 375 382 474 483 603 608 635 735 747 774 895 1153 1157 1427 1430 1457 1592 1713 2465 2522 2548 2674 2700 2933 3040 3043 3139 3252 3532 3601 3718 3719 3947 3948 4309 4355 4386 4446 4524 4559 4885 5017 5022 5103 5106 5140 5150 5213 5449 5535 5540 5737 5832 5835 5917 6056 6128 6148 6216 6221 6491 6516 6749 6750 6885 7060 7083 7984 8100 8101 8173 8196 8246 8525 8529 8748 9400 9767 9768 9772 9843 9916 9925 10007 10011 10281 10291 10300 10500 10552 10844 10991 11244 11394 
37 - 77 86 242 336 381 492 533 619 622 1009 1124 1251 1252 1291 1298 1382 1671 1682 1698 1895 1930 1986 2110 2114 2256 2380 2489 2598 2652 2897 2965 3023 3121 3206 3287 3334 3358 3468 3798 4025 4285 4344 4376 4386 4507 4643 4751 4821 4829 4982 4993 5072 5121 5144 5506 5517 5587 5810 6203 6330 6441 6502 6504 6790 6854 6999 7151 7223 7243 7602 7644 7738 7928 7954 7995 8088 8090 8091 8219 8296 8515 8784 8908 8909 8916 9132 9484 9721 9745 9757 9916 10014 10114 10271 10685 10805 10973 10974 11011 11127 
38 - 100 120 213 242 318 332 357 475 476 581 586 603 867 880 1003 1006 1154 1248 1249 1263 1401 1793 1801 1893 2112 2140 2253 2338 2377 2378 2648 2744 2776 2894 3018 3024 3334 3439 3931 4044 4139 4512 4727 4816 4991 5097 5399 5606 5812 5906 5927 6207 6228 6311 6312 6412 6467 6750 7053 7189 7484 7853 8090 8736 8738 8739 8881 8903 8934 9244 9361 9362 9364 9483 9623 9624 9626 9731 9750 9846 9888 9906 10099 10103 10115 10130 10269 10452 10823 10826 10828 10969 10972 11116 11119 11236 11238 11240 11280 11372 
39 - 91 94 118 119 120 125 126 127 247 248 249 250 342 344 383 384 385 386 387 388 497 498 586 588 589 611 622 623 624 625 626 743 765 766 859 875 909 910 911 912 915 1039 1040 1043 1045 1116 1130 1155 1260 1281 1287 1288 1289 1290 1291 1292 1293 1407 1443 1444 1445 1575 1579 1676 1698 1699 1700 1701 1702 1783 1815 1821 1921 1930 2020 2155 2157 2272 2809 3242 3916 4051 4165 4510 4513 5106 6004 6037 6380 6467 8090 8091 8295 8750 8792 9054 10308 10309 11131 11423 
40 - 205 213 327 330 357 475 476 477 579 580 581 733 863 1003 1120 1274 1281 1282 1542 1783 1812 1901 2112 2135 2149 2253 2254 2377 2378 2392 2648 2741 2744 2745 2776 2892 2894 2895 3018 3024 3443 3456 3583 3697 3698 3916 4001 4153 4275 4723 4777 4873 4874 5083 5325 5399 5482 5927 6396 6662 6764 7038 7180 7218 7484 8397 8595 8621 8736 8737 8738 8742 8901 8910 9018 9244 9361 9362 9363 9477 9482 9483 9622 9623 9624 10103 10112 10265 10565 10566 10679 10826 10967 10969 10972 11116 11121 11161 11240 11382 
41 - 50 62 143 150 262 265 302 395 516 537 560 710 839 969 1087 1114 1237 1307 1535 1586 1876 1895 2218 2236 2345 2371 2428 2615 2675 2711 2849 3037 3043 3261 3301 3320 3328 3329 3428 3429 3479 3606 3648 3679 3783 3942 3944 3987 4010 4064 4180 4186 4221 4222 4241 4254 4308 4372 4383 4384 4652 4709 4712 4764 4765 4811 4872 5130 5135 5244 5430 5432 5452 5457 5472 5538 5628 5733 5734 5796 5832 6048 6049 6050 6116 6193 6291 6426 6652 6890 7876 8816 8952 9069 9165 9668 9856 9930 10023 10563 
42 - 13 141 218 263 413 551 566 593 683 979 980 1100 1237 1313 1460 1472 1554 1594 1713 1994 2094 2228 2423 2427 2450 2455 2886 2933 3372 3719 3733 3765 3947 3948 4062 4078 4086 4309 4421 4524 4810 4944 5018 5082 5133 5137 5150 5236 5386 5430 5444 5581 5686 5689 5759 5785 5833 5839 5841 5940 5955 6029 6031 6045 6049 6117 6147 6232 6354 6424 6514 6515 6893 6897 6988 7184 7789 7873 8101 8332 8357 8422 8423 8525 9187 9307 9765 9790 9824 9850 9871 10154 10368 10475 10493 10589 10887 11024 11034 11042 
43 - 5 140 141 143 263 459 635 774 897 1005 1105 1140 1157 1313 1369 1457 1460 1592 1713 2297 2450 2465 2484 2548 2700 2933 3040 3043 3094 3139 3252 3374 3481 3510 3601 3718 3719 3895 3947 3948 4053 4066 4309 4355 4446 4524 4709 5017 5022 5142 5150 5449 5540 5581 5782 5794 5832 5851 6000 6178 6232 6378 6442 6511 6516 6630 6721 6822 7000 7023 7113 7122 7216 7319 7453 7778 7791 7853 8058 8063 8101 8423 8427 8433 8525 8529 9233 9337 9373 9768 9824 10292 10344 10355 10522 10556 10800 10810 10887 11024 
44 - 129 143 263 267 395 513 642 933 1157 1166 1306 1586 1713 2041 2047 2173 2292 2294 2546 2817 2833 2927 3040 3139 3143 3252 3485 3595 3601 3939 4054 4058 4064 4066 4180 4184 4186 4304 4305 4309 4321 4385 4522 4596 4600 4709 4710 4811 5210 5414 5430 5432 5433 5437 5441 5457 5629 5733 5735 5832 5950 6048 6237 6320 6422 6427 6512 6516 6951 7151 7464 7982 7984 7986 7987 7989 8099 8100 8103 8198 8218 8248 8306 8316 8356 8425 8645 8952 9536 9644 9668 9748 9768 9769 9772 9789 10191 10323 10356 11256 
45 - 5 129 274 424 477 653 722 783 935 938 973 1105 1158 1226 1313 1465 1529 1590 1876 2044 2218 2317 2423 2431 2920 3024 3320 3384 3454 3484 3620 3716 3720 3733 3941 4010 4098 4239 4528 4596 4787 4821 4954 5057 5129 5147 5225 5335 5381 5386 5388 5431 5435 5450 5477 5537 5560 5680 5707 5785 5844 5985 6040 6169 6247 6415 6531 6834 6940 6941 6947 7194 7270 7374 7377 7498 7845 7877 7976 8118 8147 8644 9169 9412 9659 9671 9801 9949 9952 10153 10191 10271 10335 10338 10467 10739 10880 11023 11025 11392 
46 - 147 160 641 1057 1586 1815 1829 1836 2289 2450 2788 3143 3249 3251 3373 3482 3485 3574 3595 3599 3611 3939 3940 3953 3958 4054 4057 4058 4059 4060 4064 4183 4185 4226 4307 4310 4312 4323 4421 4544 4549 4596 4709 4710 5014 5018 5133 5237 5426 5433 5440 5489 5537 5654 5735 5749 5833 5954 6052 6236 6237 6337 6427 6439 6444 6523 6542 6884 6974 7059 7099 7105 7110 7280 7287 7288 7695 7711 7722 7788 7789 7814 7877 7939 7988 8099 8101 8103 8245 8312 8316 8426 8531 8806 9173 9671 9766 9857 10457 11168 
47 - 133 176 281 667 795 802 812 920 959 1299 1487 1619 1626 1627 1628 1629 1744 1749 1974 2084 2085 2210 2213 2322 2567 2577 2672 2706 2963 2964 2979 3043 3076 3393 3398 3406 3472 3507 3522 3529 3530 3609 3645 3646 3753 3754 3756 3984 4054 4059 4102 4103 4192 4215 4216 4421 4444 4452 4453 4454 4525 4549 4612 4622 4627 4629 4926 5274 5368 6099 6101 6265 6272 6273 6547 6716 6908 6909 6985 7055 7676 7818 7905 7913 8466 8467 8570 8571 8845 9571 9810 10056 10363 10365 10505 10636 10763 11053 11326 11327 
48 - 130 132 134 136 143 145 151 261 433 508 521 530 667 795 924 959 961 962 1054 1080 1304 1499 1604 1626 1775 1934 1935 1939 1944 1975 2059 2135 2167 2178 2211 2463 2542 2781 2963 3029 3043 3053 3141 3251 3265 3297 3361 3409 3472 3485 3530 3609 3610 3627 3644 3726 3755 3833 3954 3955 4054 4087 4100 4103 4208 4302 4452 4612 4640 4935 4993 5273 5348 5632 5760 6272 6411 6514 6765 6859 6877 7463 7886 7962 7986 8525 8651 8813 8814 9167 9408 9537 9846 9858 9878 10024 10636 10745 10858 11419 
49 - 141 170 222 414 420 536 922 1078 1159 1967 2040 2053 2145 2200 2685 2779 2956 2975 3045 3269 3358 3374 3398 3536 3619 3746 3856 3863 4100 4180 4208 4209 4309 4312 4315 4316 4442 4443 4444 4572 4595 4596 4612 4619 4680 4736 4993 5180 5276 5342 5349 5436 5450 5458 5459 5477 6091 6233 6236 6272 6411 6452 6545 6547 6610 6765 6796 6885 6988 7055 7280 7462 7486 7719 7759 7962 7986 8016 8134 8240 8342 8354 8436 8447 8461 9076 9090 9186 9189 9442 9925 9928 10022 10457 10498 10582 10636 10701 10779 11024 
50 - 135 153 160 260 261 396 503 543 671 781 1079 1186 1298 1607 1738 1824 1845 2061 2297 2470 2558 2948 3387 3394 3605 3733 3828 3836 3840 3949 4072 4092 4177 4418 4543 4584 4597 4689 4911 4938 5144 5146 5336 5468 5493 5632 5727 5888 5980 6151 6240 6246 6250 6258 6358 6417 6435 6518 6613 6617 6693 6695 6771 6781 6784 6884 6905 7033 7169 7194 7246 7676 7768 7799 7816 7871 7887 7960 8049 8131 8341 8344 8412 8418 8469 8966 9088 9199 9409 9543 9674 9797 9864 9940 10034 10153 10181 10317 11073 11099 
51 - 667 775 952 1070 1329 1536 1626 1694 2090 2275 2517 2767 2816 3076 3124 3163 3165 3166 3394 3483 3620 3639 3646 3703 3939 3940 4194 4195 4312 4825 4901 4918 4954 4993 5030 5031 5266 5426 5431 5551 5561 5756 5868 5976 6056 6211 6265 6266 6267 6315 6358 6412 6463 6509 6566 6754 6779 6878 6907 6993 7068 7071 7074 7177 7253 7287 7357 7488 7560 7678 7717 7735 7747 7769 7816 7858 7908 8025 8030 8085 8103 8223 8251 8316 8399 8436 8484 9036 9173 9507 9784 9801 9809 9906 9952 10017 10350 10357 10364 11099 
52 - 399 516 638 811 1061 1158 1298 1462 1465 1597 1600 1712 1719 2053 2291 2424 2436 2518 2820 2930 2982 3141 3185 3348 3362 3377 3378 3401 3619 3642 3749 4054 4100 4144 4213 4298 4302 4572 4589 4596 4930 5018 5178 5248 5336 5434 5450 5452 5458 5557 5654 5655 5726 5754 5760 5837 5838 6017 6048 6241 6253 6362 6461 6608 6672 6871 6875 6877 6903 6949 6968 7087 7188 7453 7653 7655 7661 7690 8304 8411 8436 8647 8810 8812 9070 9278 9316 9538 9763 9810 9870 10153 10161 10163 10483 10736 11028 11170 11199 11293 
53 - 416 615 617 673 964 1281 1329 1427 1533 1754 1816 2080 2129 2222 2335 2342 2361 2426 2478 2529 2579 2977 3312 3606 3755 3832 3849 3921 3948 3964 4095 4150 4336 4545 4569 4686 4810 5045 5171 5470 5525 5621 5698 5881 5976 6101 6115 6139 6174 6287 6368 6394 6414 6435 6439 6509 6637 6716 6789 6882 6884 6892 6940 6983 7009 7097 7226 7463 7498 7574 7672 7699 7911 8049 8089 8091 8167 8233 8328 8469 8563 8569 8715 8956 9195 9267 9339 9410 9678 9782 9809 9877 9956 9971 10024 10213 10662 10793 10803 11278 
54 - 145 525 636 638 776 812 1156 1159 1418 1455 1588 1597 1616 1797 1833 1864 1939 2048 2051 2289 2554 2801 3141 3409 3475 3485 3486 3514 3518 3692 3693 4099 4303 4312 4353 4411 4414 4541 4619 4718 4749 4810 4908 4930 4993 5011 5144 5349 5436 5458 5632 5653 6062 6081 6086 6147 6149 6173 6248 6267 6338 6347 6629 6705 6709 6749 6765 6774 6803 6863 7069 7187 7258 7362 7370 7555 7674 7778 7885 7986 7988 7997 8467 8652 8951 9442 9810 9846 9937 9938 9976 10024 10031 10445 10479 10552 10616 10737 10760 11240 
55 - 28 30 161 288 406 407 627 720 949 1191 1192 1447 1682 1714 1720 1963 1992 2021 2047 2076 2169 2295 2297 2447 2451 2673 2698 2775 3036 3039 3204 3516 3603 3653 3775 3842 3978 4054 4068 4089 4185 4326 4445 4524 4544 4571 4760 4928 5011 5142 5178 5242 5538 5571 5771 5792 6103 6157 6226 6238 6269 6461 6506 6542 6687 6752 6779 6780 6800 6829 6968 7244 7250 7287 7299 7486 7961 8009 8231 8503 8556 8647 8896 9009 9301 9420 9472 9562 9598 9736 9864 10146 10187 10631 10727 10899 11050 11171 11204 11206 
56 - 47 134 145 393 439 442 500 920 1091 1200 1202 1298 1303 1497 1632 1869 1873 1939 2076 2082 2091 2261 2288 2542 2818 2922 2923 3074 3080 3141 3251 3348 3356 3358 3362 3366 3398 3409 3619 3988 4054 4100 4108 4213 4485 4572 4596 4706 4993 5356 5369 5436 5450 5458 5459 5470 5488 5493 5760 6101 6265 6272 6509 6764 6765 6788 6875 7066 7107 7188 7234 7486 7653 7884 7953 7986 8137 8436 8466 8973 8974 9091 9442 9569 9763 9786 9846 9870 9965 9969 10372 10457 10552 10636 10763 10776 11024 11030 11060 11332 
57 - 653 782 1049 1079 1167 1313 1314 1325 1471 1948 2091 2307 2308 3170 3177 3568 3617 3619 3620 3708 3849 4074 4082 4183 4199 4204 4320 4332 4523 4596 4614 4631 4924 5355 5560 5650 5826 5852 5956 5972 5973 5977 5979 6072 6158 6160 6340 6350 6358 6439 6448 6531 6533 6534 6782 6787 6970 7078 7083 7089 7157 7173 7280 7366 7374 7463 7689 7694 7695 7697 7760 7762 8002 8118 8123 8233 8246 8663 8666 8802 8956 8957 9175 9184 9239 9289 9416 9537 9611 9686 9692 9788 9794 9795 9796 9851 9942 9946 10336 11032 
58 - 26 427 527 616 788 812 919 920 921 924 1162 1297 1455 1584 1615 1848 2072 2171 2222 2489 2787 2956 2975 3361 3708 3732 3733 4013 4022 4061 4318 4346 4414 4484 4617 4727 4821 4837 4952 5026 5152 5162 5536 5538 5649 5660 5735 5879 5881 6012 6257 6332 6444 6523 6709 6764 6857 6858 6866 6951 6977 7067 7074 7253 7284 7342 7492 7682 7760 7790 8016 8103 8132 8197 8198 8206 8219 8242 8328 8383 8447 8520 8640 8675 8759 8951 9072 9073 9235 9287 9558 9571 9923 9937 9966 10320 10347 11163 11164 11266 
59 - 35 145 373 430 485 530 1035 1145 1249 1662 1696 1712 1985 2292 2457 2534 2788 2897 3251 3446 3485 3939 3949 4046 4054 4186 4309 4341 4423 4451 4522 4571 4596 4709 4710 4723 4811 4815 4900 4930 5059 5369 5371 5397 5432 5433 5441 5453 5463 5528 5584 5612 5613 5677 5735 5999 6101 6130 6132 6173 6216 6261 6282 6301 6427 6491 6603 6750 6974 7554 7679 7778 7942 7982 7986 7987 8100 8168 8218 8287 8316 8467 8952 9239 9381 9510 9669 9768 9772 9819 9922 9956 9969 10298 10323 10368 10738 10836 11235 11243 
60 - 31 530 533 645 789 949 950 1077 1619 1737 1974 2321 2446 2549 2552 2962 3023 3147 3162 3278 3282 3283 3394 3478 3489 3615 3857 3978 4187 4209 4444 4542 4598 4618 4736 4760 4837 4947 4953 4956 5136 5261 5367 5569 5872 6088 6090 6106 6223 6247 6248 6356 6449 6452 6454 6526 6535 6614 6708 6709 6711 6884 6974 6991 7074 7101 7196 7258 7284 7385 7394 7498 7759 7816 7904 7905 7918 7931 8000 8481 8556 8560 8562 9302 9397 9428 9671 9699 9704 9705 9707 10044 10182 10189 10320 10352 10355 10479 10503 11321 
61 - 91 118 119 123 342 344 390 589 743 1040 1407 1698 2155 2157 2272 2280 2399 2407 2416 2734 2742 2777 2895 3083 3242 3322 3537 3584 3658 4148 4294 4358 4514 4562 4801 4857 4968 5072 5121 5516 5534 5891 5923 5997 6038 6214 6221 6236 6285 6315 6414 6467 6477 6502 6505 6939 7063 7065 7119 7427 7524 7538 7637 8150 8293 8294 8295 8404 8518 8621 8624 8792 8793 8906 8939 8942 9012 9053 9054 9055 9157 9210 9246 9247 9262 9392 9490 9973 10144 10145 10309 10557 10686 10834 10869 11009 11105 11131 11266 11382 
62 - 5 246 264 410 440 496 533 678 791 817 951 1021 1131 1490 1619 1712 1738 1772 1982 2231 2236 2332 2385 2453 2468 2685 2697 2705 2726 2775 2790 2903 3035 3073 3197 3281 3285 3312 3408 3453 3527 3555 3610 3745 3750 3875 3909 3956 4001 4058 4089 4194 4414 4544 4596 4711 4736 4757 4803 4822 4908 5553 5688 5883 6110 6508 6638 6775 6859 6953 6964 7159 7464 8224 8266 8341 8426 8535 8746 8790 8806 8962 9064 9298 9401 9569 9622 9623 9626 9775 10050 10186 10355 10357 10543 10566 10928 11031 11239 11322 
63 - 20 159 421 654 655 937 1316 1319 1475 1612 1856 2197 2311 2806 2968 3272 3394 3395 3396 3397 3503 4078 4079 4080 4335 4338 4437 4438 4612 4725 4938 5045 5060 5157 5249 5250 5358 5359 5478 5561 5563 5661 5753 5856 5860 5976 5979 5980 5981 5984 6088 6350 6530 6534 6536 6622 6697 6792 6795 6888 6974 7083 7086 7176 7177 7179 7374 7375 7376 7571 7572 7704 7711 7898 7900 7908 7915 8121 8122 8136 8331 8550 8551 8827 8957 9183 9288 9418 9419 9698 9707 9883 9951 10039 10175 10339 10486 10755 10756 11311 
64 - 67 201 568 720 1107 1232 1234 1370 1514 1529 1530 1773 1778 1999 2002 2003 2103 2241 2244 2607 2734 2993 3212 3217 3433 3782 3904 4016 4019 4028 4400 4484 4658 4662 4665 4869 4963 4980 5304 5388 5582 5693 5695 5696 5697 5775 5894 6041 6119 6120 6178 6295 6376 6468 6577 6653 6655 6822 6836 6848 7000 7003 7023 7131 7137 7216 7319 7450 7605 7606 7747 7939 8060 8063 8164 8273 8396 8490 8491 8589 8716 8876 8877 8881 8884 8999 9111 9115 9339 9453 9599 9732 9894 9896 9898 10242 10397 10400 10925 11016 
65 - 16 21 67 157 265 275 296 562 646 781 819 1726 1756 1976 2159 2194 2240 2561 3062 3066 3217 3320 3388 3414 3424 3561 3690 3716 3785 4047 4074 4421 4457 4550 4631 4633 4815 4836 5011 5039 5131 5147 5157 5248 5301 5470 5581 5664 5738 5811 5972 6238 6322 6340 6352 6465 6764 6782 6783 6787 6788 6789 6817 6875 6951 6956 6974 7078 7167 7173 7280 7284 7463 7468 7560 7562 7566 7689 7691 7695 7873 7919 8118 8233 8324 8425 8530 8559 8653 8800 9180 9406 9808 9835 9857 9942 10030 10059 10170 11364 
66 - 84 89 246 306 308 446 480 561 588 701 721 848 849 916 1215 1328 1439 1503 1511 2093 2109 2222 2225 2257 2281 2399 2632 2717 2833 2892 2894 2897 2919 3026 3332 3378 3427 3776 3777 3791 3893 3912 3993 4138 4232 4343 4367 4760 4776 4851 4873 4978 5086 5315 5504 5813 5913 6031 6109 6222 6326 6470 6484 6569 6580 6640 6735 7011 7065 7323 8036 8332 8590 8598 8619 8699 8749 8873 8906 9131 9243 9321 9364 9453 9479 9728 9825 9907 9939 10088 10234 10438 10784 10797 10860 11107 11120 11134 11161 11308 
67 - 84 100 118 121 207 301 447 455 468 475 496 552 725 743 904 971 1040 1123 1233 1263 1266 1379 1406 1514 1518 1660 1695 1760 1764 1766 1772 1792 1881 1886 2001 2010 2051 2140 2163 2378 2481 2632 2726 2731 2838 2845 2987 3571 3950 4158 4380 4514 4802 4978 5070 5229 5293 5306 5793 5923 5953 6011 6114 6198 6221 6468 6586 6642 6649 6840 6924 6930 6936 7045 7129 7211 7229 7259 7624 8066 8085 8381 8382 8602 8666 8724 8874 8972 9109 9157 9831 9842 10088 10392 10425 10455 10533 10647 11285 11346 
68 - 279 432 903 1070 1466 1578 1632 1750 1983 2036 2279 2308 2311 2410 2451 2827 2899 3065 3079 3368 3449 3733 3763 3832 3835 4101 4190 4225 4342 4397 4424 4452 4518 4816 4911 4933 5124 5127 5173 5317 5493 5651 5723 5738 5751 6103 6240 6440 6461 6513 6602 6603 6715 6762 6766 6807 6859 6868 6895 6903 6957 6973 7070 7071 7072 7107 7234 7235 7258 7262 7300 7394 7466 7496 7547 7623 7775 7839 7881 8079 8118 8121 8247 8301 8321 8348 8469 9184 9311 9650 9742 9797 9813 9965 10045 10927 11174 11359 11423 11426 
69 - 414 498 525 618 649 1070 1196 1314 1541 1607 1780 1954 2051 2184 2316 2460 2690 3026 3271 3398 3504 3506 3551 3615 3638 3643 4102 4108 4205 4338 4349 4424 4438 4612 4618 4796 4816 4909 5044 5189 5228 5249 5476 5549 5622 5660 5661 5676 5753 5861 5980 5988 6062 6088 6166 6267 6349 6715 6864 6887 6892 7086 7302 7356 7370 7393 7394 7436 7475 7478 7498 7701 7704 7779 7823 8118 8449 8567 8798 8830 9172 9180 9182 9183 9272 9290 9420 9566 9799 9805 9949 10042 10043 10044 10126 10175 10756 11037 11191 11312 
70 - 155 441 626 1347 1589 1616 1725 1744 1759 1791 1958 2037 2081 2113 2456 2457 2460 2793 2841 2867 3064 3241 3283 3400 3445 3518 3523 3615 3623 3730 3820 3837 3887 3916 4125 4210 4285 4288 4497 4508 4562 4612 4726 4783 4853 4962 5300 5332 5377 5484 5569 5653 5665 5744 6031 6057 6085 6112 6143 6169 6323 6366 6372 6519 6565 6694 6803 6838 6850 6877 6882 6890 7053 7101 7181 7182 7307 7467 7471 7498 7810 8131 8194 8229 8412 8524 8655 8680 8894 9305 9564 9687 9880 9919 9953 11012 11076 11198 11205 11352 
71 - 28 143 385 536 643 964 1159 1176 1192 1309 1459 2036 2041 2059 2082 2089 2189 2438 2489 2678 2801 2980 3281 3293 3295 3472 3521 3522 3633 3648 4209 4221 4309 4414 4453 4595 4602 4740 4745 4803 4842 4886 4924 5161 5163 5367 5435 5466 5511 5821 5880 5991 6061 6148 6149 6151 6249 6263 6635 6767 6817 6860 6895 6947 7102 7103 7179 7266 7293 7296 7388 7484 7581 7585 7624 7672 7704 7759 7775 7816 7884 7986 7988 8021 8026 8251 8345 8508 8524 8556 8684 8802 8816 8968 9075 9537 9686 9806 9956 9965 
72 - 34 114 165 172 413 439 518 529 536 541 543 643 676 781 785 807 820 917 958 1086 1202 1203 1310 1606 1607 1608 1615 1622 1637 1724 1744 1871 2060 2062 2067 2091 2188 2200 2213 2297 2343 2354 2701 2711 2793 2796 3043 3518 3877 3988 4054 4087 4108 4533 4937 5031 5044 5052 5171 5267 5468 5470 5490 5570 5666 5833 5879 5989 6092 6096 6166 6435 6509 6884 7092 7111 7193 7194 7198 7498 8108 8136 8835 8856 8977 9092 9174 9197 9425 9564 9576 9766 10043 10063 10065 10202 10361 10512 10640 10884 
73 - 76 116 400 534 628 635 950 1085 1121 1199 1303 1481 1576 1596 1615 1662 1818 1821 1862 1960 2151 2293 2295 2551 3065 3071 3394 3483 3500 3615 3712 3746 3862 3978 4053 4061 4187 4209 4344 4352 4444 4598 4760 4897 4916 5114 5152 5234 5482 5537 5759 5869 6223 6261 6262 6263 6355 6356 6404 6449 6461 6511 6708 6751 6769 6781 6790 6807 6809 6850 6886 6899 6915 7102 7185 7196 7536 7580 7633 7959 7961 8017 8019 8129 8412 8558 8964 9202 9296 9468 9695 9707 10367 10816 10829 10936 11100 11142 11143 11320 
74 - 44 46 47 354 440 442 540 668 675 750 803 812 814 833 924 957 1012 1091 1200 1202 1204 1310 1455 1466 1492 1636 1637 1913 1939 2091 2153 2213 2373 2431 2434 2452 2579 2586 2711 2712 2787 2793 2829 3030 3048 3189 3289 3390 3411 3652 3854 3906 4071 4104 4108 4449 4603 4615 4629 4637 4744 5258 5832 6056 6817 7299 7812 7819 8684 8847 8973 8974 8976 8978 9091 9312 9313 9314 9569 9807 9967 10063 10066 10067 10202 10205 10209 10370 10371 10372 10373 10763 10776 10896 11060 11061 11205 11206 11330 11332 
75 - 21 155 159 275 281 406 417 418 420 523 526 649 654 656 781 782 940 1057 1059 1164 1175 1313 1314 1315 1321 1322 1325 1329 1469 1470 1471 1472 1473 1609 1610 1713 1718 1724 1739 1861 1948 1950 1975 2055 2194 2308 3183 3217 3388 3392 3619 3733 3969 4342 4631 4821 4836 5147 5152 5355 5470 5554 5636 5649 5652 6159 6882 6915 6951 7171 7262 7269 7556 7565 7699 7700 7705 7804 8011 8118 8233 8322 8325 8326 8329 8546 8661 8821 9083 9284 9301 9542 9695 9700 9789 9801 10190 11034 11037 11187 
76 - 5 6 9 11 38 134 136 165 234 261 402 411 427 430 431 467 640 641 667 725 1053 1060 1080 1159 1184 1187 1191 1239 1304 1305 1428 1456 1481 1485 1486 1538 1539 1552 1584 1597 1604 1609 1617 1619 1631 1717 1749 1825 1841 1863 1876 2278 2322 2494 2782 2839 2982 2983 3066 3186 3251 3629 3756 3908 4182 4630 5107 5259 5646 6223 6815 6816 7019 7574 7580 7631 7674 8086 8188 8460 8834 8908 9042 9193 9230 9310 9429 9434 9580 9789 9844 10168 10287 10319 10403 10473 10491 10539 10663 10767 
77 - 239 450 451 553 827 1245 1869 2096 2256 2724 2763 2764 2897 2922 2923 3074 3090 3115 3209 3210 3281 3318 3496 3519 3897 3958 3980 4100 4116 4193 4473 4559 4560 4561 4593 4625 4749 4758 4759 4972 5169 5192 5193 5241 5292 5294 5295 5379 5507 5570 5573 5587 5665 5667 5687 5727 5760 5903 5906 5991 5997 6017 6731 6765 6823 6850 6897 6904 6924 7107 7130 7234 7301 7325 7410 7602 7837 7838 7903 8017 8052 8158 8302 8436 8466 8499 8523 8524 8556 8591 9442 9658 9826 9959 9964 9975 9979 9980 11344 11411 
78 - 20 158 159 421 654 655 666 937 939 1319 1337 1474 1475 1732 2197 2314 2315 2463 2692 3259 3272 3394 3397 3503 3505 3631 3970 4078 4079 4335 4424 4437 4537 4725 4833 5045 5250 5358 5359 5561 5563 5661 5753 5856 5859 5873 5976 5979 5980 5981 5982 5984 5999 6088 6338 6350 6536 6622 6697 6795 6888 6974 7083 7086 7087 7176 7177 7179 7374 7375 7522 7571 7572 7704 7711 7908 8024 8121 8136 8240 8241 8563 9183 9289 9418 9421 9423 9611 9698 9801 10039 10174 10485 10488 10489 10757 11037 11038 11185 11311 
79 - 232 240 346 361 381 382 492 625 627 759 912 1013 1021 1394 1428 1820 2037 2279 2464 2532 2701 2872 3023 3134 3566 3709 3918 3931 4084 4138 4279 4286 4291 4406 4504 4645 4667 4690 4701 4705 4930 4993 5148 5594 5606 5621 5622 5807 5812 5950 6148 6198 6301 6325 6380 6409 6415 6716 6803 6856 6946 7149 7376 7604 7619 7770 7778 7789 7853 7863 7962 8085 8183 8190 8297 8408 8508 8609 8798 9026 9053 9372 9687 9761 9858 9873 10019 10134 10136 10268 10434 10579 10582 10704 10724 10784 10946 11003 11317 11352 
80 - 56 74 84 89 121 246 280 306 308 309 322 474 476 505 544 551 588 1156 1219 1272 1302 1455 1509 2161 2676 2680 2833 3044 3106 3278 3348 3680 3732 3913 4075 4115 4324 4367 4720 4776 4811 4857 5011 5369 5399 5449 5471 5475 5506 5724 6204 6326 6368 6463 6580 6640 6765 6860 7019 7234 7253 7665 7699 7720 7778 7808 7810 7976 8094 8273 8418 8469 8740 8904 9166 9200 9246 9289 9290 9364 9457 9481 9618 9667 9991 10057 10068 10218 10237 10320 10639 10649 10763 10795 11049 11154 11180 11266 11364 11368 
81 - 89 421 474 476 480 530 581 701 835 849 1185 1379 1430 1700 2091 2109 2526 2568 2838 2948 3209 3475 3514 3546 3654 3668 3685 3689 3791 3882 3912 3959 3961 3983 4071 4101 4120 4389 4424 4604 4750 4782 4848 4851 4857 4930 5265 5321 5355 5407 5577 5642 5770 5918 6063 6064 6166 6204 6219 6273 6347 6372 6453 6484 6536 6571 6699 7106 7138 7166 7177 7193 7370 7622 7694 7941 7976 8000 8128 8230 8330 8714 9481 9581 9611 9782 9825 9936 10097 10681 10713 10795 10948 11030 11107 11118 11120 11189 11266 11368 
82 - 265 464 524 813 970 1076 1079 1308 1373 1588 1641 2213 2288 2322 3161 3392 3401 3531 3647 3707 3710 3716 3733 3991 4186 4346 4413 4430 4484 4768 4837 4844 4889 4930 5048 5150 5178 5230 5356 5457 5554 5650 5761 5794 5849 5904 5993 6014 6048 6061 6070 6211 6304 6332 6356 6416 6528 6767 6793 6857 7094 7173 7380 7401 7415 7472 7484 7503 7539 7715 7809 7888 8011 8016 8154 8164 8165 8198 8245 8383 8386 8452 8564 8975 9200 9239 9406 9843 9931 9935 9948 10028 10335 10632 10801 10896 10905 11042 11108 11346 
83 - 50 668 810 812 944 950 959 1085 1086 1195 1200 1492 1625 1627 1629 1638 1974 1985 2087 2470 2586 2672 2713 2963 2982 3194 3299 3410 3521 3522 3527 3530 3639 3754 3760 3876 3877 3988 4090 4102 4421 4452 4622 4624 4629 5368 5572 5709 5879 6081 6096 6099 6101 6362 6366 6460 6547 6552 6709 6714 6716 6785 6788 6789 6909 6974 6995 7194 7395 7588 7726 7821 7910 8346 8466 8570 8571 8684 8842 8844 8974 9095 9191 9571 9700 9797 9807 9809 9810 9961 10192 10200 10204 10213 10343 10369 10370 10375 10775 11206 
84 - 129 502 1051 1076 1732 1735 1838 1867 2167 2168 2292 2334 2400 2981 3707 3708 3710 4056 4134 4186 4302 4320 4346 4355 4412 4414 4446 4516 4528 4590 4704 4705 4930 5178 5229 5536 5633 5735 5736 5737 5821 5825 5993 6040 6051 6138 6254 6332 6422 6462 6523 6600 6601 6857 6858 6866 6947 6948 6951 6953 7067 7180 7284 7342 7343 7498 7541 7647 7649 7760 7762 7775 7777 7877 7985 8093 8103 8197 8198 8201 8202 8203 8206 8207 8211 8246 8639 8640 8675 8948 8959 9064 9161 9537 9706 9762 9788 9935 11164 11317 
85 - 114 143 295 369 488 505 517 611 619 750 755 933 1029 1308 1419 1680 1689 1716 1727 1802 1922 1923 1993 2161 2455 2534 2897 3043 3085 3125 3154 3200 3313 3448 3575 3668 3813 3830 3845 3886 3914 4046 4264 4295 4481 4633 4889 4995 5069 5108 5132 5332 5367 5371 5448 5517 5525 5554 5584 5782 5812 5832 5917 5918 6128 6130 6177 6202 6216 6312 6345 6430 6490 6793 6849 6854 7582 7839 8026 8179 8370 8525 8612 8908 8997 9205 9239 9528 9587 9647 9652 9819 9863 9982 10014 10275 10386 10946 10962 11078 
86 - 2 143 522 643 799 812 1165 1180 1485 1974 2080 2084 2171 2297 2337 2463 2578 2706 2822 2982 3143 3259 3295 3296 3299 3522 3530 3628 3632 3639 3641 3719 3946 3982 4060 4092 4102 4183 4225 4320 4353 4414 4446 4451 4524 4617 4624 4916 5165 5260 5367 5368 5466 5564 5649 5751 5833 5855 6081 6096 6099 6151 6161 6172 6173 6356 6364 6513 6549 6602 6683 6709 6714 6716 6764 6784 6955 7194 7258 7394 7495 7555 7818 7910 8025 8108 8135 8328 8844 8964 9700 9809 9810 9878 9962 10194 10361 10365 11052 11329 
87 - 510 834 835 861 891 1208 1306 1412 1434 1757 1764 2167 2269 2356 2477 2481 2530 2739 2795 2836 2942 3314 3320 3377 3378 3426 3665 3730 3869 4033 4054 4101 4123 4232 4688 4803 4928 4930 4969 4970 5222 5231 5234 5241 5284 5291 5405 5499 5584 5724 5783 5889 6046 6202 6297 6301 6339 6400 6463 6524 6568 6600 6672 6847 6931 6942 6960 7031 7197 7301 7325 7482 7491 7531 7734 7766 7799 7837 8067 8135 8157 8209 8370 8499 9102 9147 9332 9525 9593 9652 9837 9887 10016 10642 10651 10744 11094 11297 11342 11361 
88 - 90 246 306 308 367 458 781 1107 1230 1503 1890 2038 2103 2236 2240 2399 2632 2842 2897 3323 3334 3534 3547 3548 3554 3567 3674 3684 3777 4120 4237 4361 4642 4654 4660 4768 4770 4776 4823 4915 4968 4973 5144 5225 5279 5360 5380 5382 5471 5514 5584 5615 5641 5695 5999 6011 6189 6292 6326 6487 6525 6575 6735 6847 6924 6931 7080 7081 7116 7123 7315 7319 7404 7483 7602 7628 7941 8023 8063 8188 8198 8225 8259 8273 8497 8519 8579 8598 8619 9219 9382 9591 9831 9836 9837 9940 9954 10955 11310 11358 
89 - 340 509 540 794 810 944 1074 1090 1161 1291 1496 1715 1984 2091 2286 2287 2685 2694 2712 2713 2795 2910 2961 3844 3937 4054 4178 4510 4596 5429 5650 6096 6129 6142 6241 6595 6783 6915 7163 7287 7288 7376 8093 8215 8503 8678 8741 9078 9079 9299 9300 9302 9320 9440 9569 9663 9837 10046 10047 10051 10155 10176 10184 10185 10212 10215 10218 10318 10326 10338 10343 10344 10350 10351 10353 10372 10376 10469 10479 10493 10495 10496 10516 10616 10737 10760 10763 10776 10778 10889 10892 10901 10902 11022 11178 11194 11206 11291 11301 11336 
90 - 180 242 376 567 720 737 1059 1114 1348 1382 1528 1687 1719 1760 1785 1802 2239 2481 2558 2685 2718 2795 2942 3308 3310 3481 3575 3616 3680 3689 3719 3886 3911 3983 3988 4062 4115 4240 4376 4379 4415 4498 4507 4520 4571 4749 4751 4755 4760 4969 5011 5082 5131 5241 5284 5584 5629 5683 5779 5997 6109 6190 6208 6279 6326 6581 6643 6736 7011 7045 7093 7184 7312 7823 8067 8230 8333 8366 8370 8388 8418 8862 8909 9001 9080 9171 9188 9204 9233 9309 9750 9894 9940 10090 10248 11009 11179 11191 11294 11341 
91 - 294 781 828 892 1124 1251 1307 1465 1515 1534 1719 1818 1826 1989 1992 2424 2608 2670 2676 2679 2722 2735 2854 3377 3378 3431 3473 3544 3554 3680 3689 3719 3997 4053 4590 4643 4673 4720 4751 4757 4759 4823 5066 5082 5279 5281 5514 5587 5906 6017 6142 6179 6182 6183 6581 6840 7059 7482 7594 7603 7606 7655 7687 7736 7833 7871 8052 8067 8158 8169 8230 8273 8385 8810 8862 8878 8908 8998 9001 9009 9224 9247 9277 9278 9316 9484 9485 9538 9695 9717 9826 9864 9991 10023 10240 10614 10616 10660 10736 11030 
92 - 84 89 246 305 306 308 313 480 608 721 745 848 849 976 1039 1125 1215 1266 1379 1439 1503 1820 2093 2225 2257 2281 2399 2632 2717 2731 2833 2837 2838 2850 2892 2894 3026 3332 3427 3571 3668 3684 3791 3950 3993 4138 4237 4750 4768 4776 4851 4978 5086 5183 5281 5381 5813 5913 6011 6026 6031 6222 6326 6484 6580 6586 6640 7065 7116 7118 7145 7778 7871 8381 8382 8590 8598 8619 8621 8699 8714 8749 8873 8874 9321 9364 9728 9825 9834 10088 10234 10237 10668 10784 10797 10869 10913 11107 11109 11394 
93 - 11 151 163 533 640 786 787 789 1465 1481 1717 1734 1749 1976 2058 2153 2171 2449 2696 2964 3143 3150 3209 3256 3296 3334 3381 3414 3485 3514 3517 3537 3615 3627 3738 3833 3859 3860 3938 3983 4072 4177 4195 4225 4344 4355 4442 4617 4665 4733 4953 5045 5049 5259 5557 5568 5645 5668 6064 6084 6091 6099 6267 6337 6366 6431 6543 6609 6901 6908 6974 7100 7293 7294 7361 7362 7385 7498 7802 7813 8019 8049 8108 8116 8128 8132 8238 8251 8460 9698 9707 9809 9861 9875 10024 10194 10469 11022 11044 11191 
